298712 2.4536e+07 978
4.3739e+06 2.46865e+07 984
8.46442e+06 2.47367e+07 986
1.26224e+07 2.48872e+07 992
4.285e+06 2.81753e+07 964
8.32706e+06 2.83507e+07 970
1.24443e+07 2.85845e+07 978
1.65939e+07 2.87599e+07 984
2.07723e+07 2.8906e+07 989
2.50172e+07 2.90814e+07 995
287106 3.13651e+07 940
4.20498e+06 3.15653e+07 946
8.16395e+06 3.17321e+07 951
1.21643e+07 3.18989e+07 956
1.62567e+07 3.21659e+07 964
2.45898e+07 3.2633e+07 978
2.8814e+07 3.28332e+07 984
3.30545e+07 3.3e+07 989
3.73739e+07 3.32002e+07 995
4.12498e+06 3.48062e+07 928
1.19607e+07 3.52563e+07 940
1.59531e+07 3.54813e+07 946
1.99742e+07 3.56688e+07 951
2.41121e+07 3.59689e+07 959
2.83162e+07 3.62689e+07 967
3.24194e+07 3.63815e+07 970
3.67353e+07 3.66815e+07 978
4.12426e+07 3.70941e+07 989
4.54741e+07 3.72066e+07 992
4.98805e+07 3.74317e+07 998
4.0583e+06 3.8023e+07 913
7.88066e+06 3.82313e+07 918
1.17444e+07 3.84395e+07 923
1.56496e+07 3.86477e+07 928
1.96381e+07 3.89392e+07 935
2.35841e+07 3.90642e+07 938
3.19515e+07 3.98138e+07 956
3.60217e+07 3.99388e+07 959
4.03251e+07 4.02719e+07 967
4.44656e+07 4.03969e+07 970
4.88809e+07 4.073e+07 978
5.32541e+07 4.09799e+07 984
5.79683e+07 4.1438e+07 995
271529 4.07036e+07 889
3.98273e+06 4.10241e+07 896
7.73472e+06 4.1253e+07 901
1.15154e+07 4.14362e+07 905
1.53966e+07 4.18025e+07 913
1.92811e+07 4.20314e+07 918
2.32572e+07 4.23519e+07 925
2.72327e+07 4.25808e+07 930
3.13499e+07 4.29471e+07 938
3.54207e+07 4.3176e+07 943
3.95328e+07 4.3405e+07 948
4.38239e+07 4.37713e+07 956
4.80312e+07 4.40002e+07 961
5.24964e+07 4.44123e+07 970
5.66283e+07 4.45038e+07 972
6.12136e+07 4.49159e+07 981
6.56072e+07 4.51448e+07 986
7.01129e+07 4.54195e+07 992
3.91161e+06 4.39344e+07 880
7.61454e+06 4.42838e+07 887
1.13118e+07 4.43837e+07 889
1.51099e+07 4.47332e+07 896
1.8924e+07 4.49828e+07 901
2.28298e+07 4.53323e+07 908
2.67935e+07 4.56818e+07 915
3.06815e+07 4.58315e+07 918
3.47446e+07 4.6181e+07 925
3.89073e+07 4.65804e+07 933
4.28612e+07 4.66803e+07 935
4.72815e+07 4.72294e+07 946
5.13058e+07 4.73293e+07 948
5.56962e+07 4.77287e+07 956
5.99656e+07 4.79783e+07 961
6.45426e+07 4.84277e+07 970
6.91234e+07 4.88271e+07 978
7.33964e+07 4.89768e+07 981
7.78521e+07 4.92265e+07 986
8.24323e+07 4.9526e+07 992
262672 4.64959e+07 860
3.84049e+06 4.67122e+07 864
7.46002e+06 4.69825e+07 869
1.11337e+07 4.73069e+07 875
1.48401e+07 4.75772e+07 880
1.8567e+07 4.77935e+07 884
2.24024e+07 4.81719e+07 891
2.62957e+07 4.85504e+07 898
3.01802e+07 4.88207e+07 903
3.4106e+07 4.9091e+07 908
3.81567e+07 4.94695e+07 915
4.20819e+07 4.96317e+07 918
4.62319e+07 5.00101e+07 925
5.0494e+07 5.04426e+07 933
5.4764e+07 5.08211e+07 940
5.90296e+07 5.11455e+07 946
6.30788e+07 5.12536e+07 948
6.75685e+07 5.16861e+07 956
7.19e+07 5.19565e+07 961
7.65888e+07 5.24431e+07 970
8.10197e+07 5.27134e+07 975
8.55792e+07 5.30378e+07 981
9.03711e+07 5.34703e+07 989
9.50383e+07 5.37947e+07 995
3.78271e+06 4.95321e+07 851
7.32266e+06 4.96485e+07 853
1.09428e+07 5.00559e+07 860
1.82939e+07 5.06962e+07 871
2.20755e+07 5.11036e+07 878
2.58272e+07 5.13364e+07 882
2.96454e+07 5.16275e+07 887
3.33923e+07 5.17439e+07 889
3.74477e+07 5.22677e+07 898
4.1486e+07 5.26751e+07 905
4.54822e+07 5.29662e+07 910
4.96822e+07 5.34318e+07 918
5.37736e+07 5.37228e+07 923
5.77193e+07 5.38392e+07 925
6.20807e+07 5.43049e+07 933
6.64377e+07 5.47123e+07 940
7.07778e+07 5.50615e+07 946
7.50886e+07 5.53526e+07 951
7.94408e+07 5.56436e+07 956
8.40962e+07 5.61092e+07 964
8.8635e+07 5.64585e+07 970
9.8061e+07 5.72733e+07 984
1.02653e+08 5.75643e+07 989
1.07395e+08 5.79136e+07 995
252592 5.15586e+07 827
3.71159e+06 5.20574e+07 835
7.23682e+06 5.25561e+07 843
1.07519e+07 5.26808e+07 845
1.43511e+07 5.30549e+07 851
1.79159e+07 5.31796e+07 853
2.16229e+07 5.3616e+07 860
2.54465e+07 5.41771e+07 869
2.91775e+07 5.44265e+07 873
3.29792e+07 5.47382e+07 878
3.68639e+07 5.51122e+07 884
4.06608e+07 5.52993e+07 887
4.46825e+07 5.57357e+07 894
4.87621e+07 5.61721e+07 901
5.27249e+07 5.64215e+07 905
6.10826e+07 5.72319e+07 918
6.52361e+07 5.75437e+07 923
6.94311e+07 5.78554e+07 928
7.36674e+07 5.81671e+07 933
7.79451e+07 5.84788e+07 938
8.25259e+07 5.89776e+07 946
8.68988e+07 5.92893e+07 951
9.17907e+07 5.99127e+07 961
9.60679e+07 6.00998e+07 964
1.00681e+08 6.04738e+07 970
1.0556e+08 6.09726e+07 978
1.10281e+08 6.13467e+07 984
1.14935e+08 6.16584e+07 989
1.20113e+08 6.22195e+07 998
249538 5.43172e+07 817
3.65825e+06 5.47161e+07 823
7.09946e+06 5.49821e+07 827
1.05738e+07 5.5248e+07 831
1.40812e+07 5.55139e+07 835
1.77058e+07 5.60458e+07 843
2.12961e+07 5.63117e+07 847
2.4978e+07 5.67106e+07 853
2.8743e+07 5.7176e+07 860
3.23031e+07 5.7176e+07 860
3.62384e+07 5.77744e+07 869
3.99274e+07 5.79074e+07 871
4.39828e+07 5.85057e+07 880
4.77339e+07 5.86387e+07 882
5.17928e+07 5.91041e+07 889
5.59097e+07 5.95694e+07 896
5.97518e+07 5.97024e+07 898
6.39639e+07 6.01678e+07 905
6.80843e+07 6.05002e+07 910
7.2483e+07 6.10321e+07 918
7.66986e+07 6.13645e+07 923
8.09557e+07 6.16969e+07 928
8.54368e+07 6.21623e+07 935
8.95939e+07 6.23618e+07 938
9.42741e+07 6.28936e+07 946
9.87091e+07 6.3226e+07 951
1.03509e+08 6.37579e+07 959
1.08376e+08 6.42898e+07 967
1.1296e+08 6.46222e+07 972
1.17706e+08 6.50211e+07 978
1.22501e+08 6.542e+07 984
3.59602e+06 5.71343e+07 809
6.97928e+06 5.74168e+07 813
1.04211e+07 5.78405e+07 819
1.39126e+07 5.82643e+07 825
1.74118e+07 5.85467e+07 829
2.09441e+07 5.88292e+07 833
2.45095e+07 5.91117e+07 837
2.81748e+07 5.95355e+07 843
3.18899e+07 5.99592e+07 849
3.56963e+07 6.04536e+07 856
3.94231e+07 6.07361e+07 860
4.31831e+07 6.10186e+07 864
4.70303e+07 6.13717e+07 869
5.08606e+07 6.16542e+07 873
5.49113e+07 6.21485e+07 880
5.88203e+07 6.2431e+07 884
6.28331e+07 6.27842e+07 889
6.71865e+07 6.34198e+07 898
7.09039e+07 6.34198e+07 898
7.52029e+07 6.39141e+07 905
7.93854e+07 6.42672e+07 910
8.38834e+07 6.48322e+07 918
9.24803e+07 6.55385e+07 928
9.73597e+07 6.62447e+07 938
1.01459e+08 6.63859e+07 940
1.06022e+08 6.68097e+07 946
1.10752e+08 6.7304e+07 953
1.39923e+08 7.00584e+07 992
241291 5.90627e+07 790
3.53823e+06 5.95113e+07 796
6.86768e+06 5.98103e+07 800
1.0243e+07 6.01841e+07 805
1.36765e+07 6.06327e+07 811
1.71177e+07 6.09318e+07 815
2.05921e+07 6.12308e+07 819
2.41581e+07 6.16794e+07 825
2.77738e+07 6.2128e+07 831
3.1364e+07 6.2427e+07 835
3.50708e+07 6.28756e+07 841
3.87355e+07 6.31747e+07 845
4.25334e+07 6.36232e+07 851
4.61644e+07 6.37728e+07 853
5.01033e+07 6.42961e+07 860
5.39129e+07 6.45952e+07 864
5.78222e+07 6.4969e+07 869
6.18436e+07 6.54176e+07 875
6.56902e+07 6.56418e+07 878
7.00353e+07 6.63147e+07 887
7.38733e+07 6.64642e+07 889
7.81641e+07 6.69876e+07 896
8.233e+07 6.73614e+07 901
8.67284e+07 6.78847e+07 908
9.09854e+07 6.82586e+07 913
9.52838e+07 6.86324e+07 918
9.98395e+07 6.91557e+07 925
1.04005e+08 6.938e+07 928
1.0866e+08 6.99033e+07 935
1.13493e+08 7.05014e+07 943
1.18019e+08 7.08752e+07 948
1.22587e+08 7.12491e+07 953
3.48045e+06 6.17807e+07 783
6.76466e+06 6.21752e+07 788
1.00776e+07 6.24908e+07 792
1.34236e+07 6.28064e+07 796
1.68657e+07 6.33587e+07 803
2.02904e+07 6.36743e+07 807
2.38067e+07 6.41477e+07 813
2.73059e+07 6.44633e+07 817
3.08381e+07 6.4779e+07 821
3.4487e+07 6.52524e+07 827
3.80938e+07 6.5568e+07 831
4.18336e+07 6.60414e+07 837
4.56232e+07 6.65148e+07 843
4.92294e+07 6.66726e+07 845
5.31017e+07 6.7146e+07 851
5.67576e+07 6.73038e+07 853
6.07834e+07 6.78562e+07 860
6.46427e+07 6.81718e+07 864
6.8772e+07 6.87241e+07 871
7.29593e+07 6.92764e+07 878
7.65938e+07 6.92764e+07 878
8.10508e+07 6.99865e+07 887
8.51046e+07 7.03021e+07 891
8.92913e+07 7.06966e+07 896
1.02548e+08 7.21958e+07 915
1.06917e+08 7.25903e+07 920
1.11327e+08 7.29848e+07 925
1.25204e+08 7.44051e+07 943
1.29792e+08 7.47996e+07 948
1.54615e+08 7.74034e+07 981
234266 6.36933e+07 767
3.42711e+06 6.40255e+07 771
6.64448e+06 6.42746e+07 774
9.93759e+06 6.48559e+07 781
1.32381e+07 6.5188e+07 785
1.65506e+07 6.54372e+07 788
2.00138e+07 6.61015e+07 796
2.3426e+07 6.64337e+07 800
2.69048e+07 6.68489e+07 805
3.03874e+07 6.71811e+07 809
3.39865e+07 6.76793e+07 815
3.75437e+07 6.80115e+07 819
4.10339e+07 6.81776e+07 821
4.48655e+07 6.88419e+07 829
5.21033e+07 6.93402e+07 835
5.60922e+07 7.00045e+07 843
5.97232e+07 7.01706e+07 845
6.36701e+07 7.06688e+07 851
6.75876e+07 7.1084e+07 856
7.14635e+07 7.14162e+07 860
7.5547e+07 7.19144e+07 866
7.95887e+07 7.23297e+07 871
8.38629e+07 7.2911e+07 878
8.76968e+07 7.3077e+07 880
9.20662e+07 7.36583e+07 887
9.61697e+07 7.39905e+07 891
1.00418e+08 7.44057e+07 896
1.04941e+08 7.4987e+07 903
1.09281e+08 7.54022e+07 908
1.22814e+08 7.68139e+07 925
1.46717e+08 7.93882e+07 956
230601 6.58222e+07 755
3.37821e+06 6.62581e+07 760
6.55863e+06 6.66068e+07 764
9.7849e+06 6.70427e+07 769
1.30188e+07 6.73043e+07 772
1.63406e+07 6.78273e+07 778
1.96366e+07 6.80889e+07 781
2.30453e+07 6.8612e+07 787
2.64703e+07 6.90479e+07 792
2.98991e+07 6.93966e+07 796
3.34027e+07 6.98325e+07 801
3.68102e+07 7.00069e+07 803
4.04342e+07 7.053e+07 809
4.39996e+07 7.08787e+07 813
4.77146e+07 7.14018e+07 819
5.14793e+07 7.19249e+07 825
5.50276e+07 7.20992e+07 827
5.88751e+07 7.26223e+07 833
6.26226e+07 7.29711e+07 837
6.65612e+07 7.34942e+07 843
7.02171e+07 7.36685e+07 845
7.44129e+07 7.4366e+07 853
7.84008e+07 7.48019e+07 858
8.21436e+07 7.49762e+07 860
8.63016e+07 7.54993e+07 866
9.04055e+07 7.59352e+07 871
9.47666e+07 7.65455e+07 878
9.86253e+07 7.67199e+07 880
1.03082e+08 7.73301e+07 887
1.07596e+08 7.79404e+07 894
1.11795e+08 7.82892e+07 898
1.16412e+08 7.88994e+07 905
1.20557e+08 7.9161e+07 908
1.53823e+08 8.29098e+07 951
3.32932e+06 6.83996e+07 749
6.47279e+06 6.88562e+07 754
9.60676e+06 6.89476e+07 755
1.28165e+07 6.94042e+07 760
1.61096e+07 7.00434e+07 767
1.93349e+07 7.0226e+07 769
2.26647e+07 7.06826e+07 774
2.60358e+07 7.11393e+07 779
2.94859e+07 7.16872e+07 785
3.28606e+07 7.19612e+07 788
3.6306e+07 7.23264e+07 792
3.98844e+07 7.28744e+07 798
4.33501e+07 7.31483e+07 801
4.6899e+07 7.35136e+07 805
5.04809e+07 7.38789e+07 809
5.4096e+07 7.42442e+07 813
5.78856e+07 7.47921e+07 819
6.17248e+07 7.534e+07 825
6.52979e+07 7.55227e+07 827
6.92199e+07 7.60706e+07 833
7.30171e+07 7.64359e+07 837
7.70302e+07 7.69838e+07 843
8.09019e+07 7.73491e+07 847
8.50061e+07 7.7897e+07 853
9.30396e+07 7.87189e+07 862
9.73925e+07 7.93582e+07 869
1.01222e+08 7.95408e+07 871
1.09803e+08 8.05454e+07 882
1.14097e+08 8.1002e+07 887
1.22947e+08 8.20065e+07 898
1.32124e+08 8.31023e+07 910
1.36637e+08 8.3559e+07 915
1.60847e+08 8.63899e+07 946
1.70997e+08 8.75771e+07 959
1.92138e+08 9.00428e+07 986
224187 7.00683e+07 734
3.27153e+06 7.02592e+07 736
6.36119e+06 7.07365e+07 741
9.50497e+06 7.13092e+07 747
1.26478e+07 7.15956e+07 750
1.58575e+07 7.20729e+07 755
1.90835e+07 7.24548e+07 759
2.23133e+07 7.27412e+07 762
2.56013e+07 7.3123e+07 766
2.89976e+07 7.36958e+07 772
3.23602e+07 7.40776e+07 776
3.58017e+07 7.45549e+07 781
3.91347e+07 7.47458e+07 783
4.26466e+07 7.52231e+07 788
4.60251e+07 7.54141e+07 790
4.96698e+07 7.59868e+07 796
5.34306e+07 7.66551e+07 803
5.70374e+07 7.70369e+07 807
6.06773e+07 7.74187e+07 811
6.41925e+07 7.76097e+07 813
6.80565e+07 7.81824e+07 819
7.17958e+07 7.85643e+07 823
7.55682e+07 7.89461e+07 827
7.95647e+07 7.95189e+07 833
8.36109e+07 8.00916e+07 839
8.74992e+07 8.04735e+07 843
9.16365e+07 8.10463e+07 849
9.53751e+07 8.12372e+07 851
9.9479e+07 8.17145e+07 856
1.03745e+08 8.22872e+07 862
1.08184e+08 8.29555e+07 869
1.12039e+08 8.31464e+07 871
1.16574e+08 8.38146e+07 878
1.2103e+08 8.43874e+07 884
1.25395e+08 8.48647e+07 889
1.3889e+08 8.63921e+07 905
1.58126e+08 8.87786e+07 930
1.62847e+08 8.92559e+07 935
1.8386e+08 9.20243e+07 964
1.8902e+08 9.2597e+07 970
3.22708e+06 7.23099e+07 726
6.26676e+06 7.27083e+07 730
9.365e+06 7.33059e+07 736
1.24961e+07 7.38039e+07 741
1.55635e+07 7.38039e+07 741
1.87818e+07 7.44015e+07 747
2.20205e+07 7.48995e+07 752
2.52337e+07 7.51983e+07 755
2.85093e+07 7.55967e+07 759
3.18598e+07 7.60947e+07 764
3.51599e+07 7.63935e+07 767
3.85349e+07 7.67919e+07 771
4.19971e+07 7.72899e+07 776
4.55008e+07 7.77879e+07 781
4.91082e+07 7.83855e+07 787
5.25656e+07 7.86843e+07 790
5.61186e+07 7.90827e+07 794
5.97047e+07 7.94811e+07 798
6.3166e+07 7.96803e+07 800
6.68932e+07 8.01783e+07 805
7.09234e+07 8.09751e+07 813
7.46544e+07 8.13735e+07 817
7.82275e+07 8.15728e+07 819
8.22157e+07 8.21704e+07 825
8.60461e+07 8.25688e+07 829
9.01254e+07 8.31664e+07 835
9.79682e+07 8.39632e+07 843
1.0218e+08 8.45608e+07 849
1.06192e+08 8.49592e+07 853
1.10367e+08 8.54572e+07 858
1.1445e+08 8.58556e+07 862
1.27478e+08 8.74492e+07 878
1.32008e+08 8.80468e+07 884
1.36435e+08 8.85448e+07 889
1.41218e+08 8.9242e+07 896
1.64934e+08 9.21304e+07 925
1.80427e+08 9.4222e+07 946
3.18263e+06 7.42779e+07 716
6.18091e+06 7.46928e+07 720
9.19958e+06 7.5004e+07 723
1.23106e+07 7.57302e+07 730
1.54165e+07 7.61452e+07 734
1.85052e+07 7.63526e+07 736
2.17276e+07 7.69751e+07 742
2.4866e+07 7.71826e+07 744
2.81337e+07 7.77013e+07 749
3.13594e+07 7.80125e+07 752
3.47015e+07 7.85312e+07 757
3.79851e+07 7.88424e+07 760
4.13477e+07 7.92574e+07 764
4.48016e+07 7.97761e+07 769
4.81098e+07 7.99835e+07 771
5.1501e+07 8.02948e+07 774
5.50584e+07 8.08135e+07 779
5.87321e+07 8.14359e+07 785
6.23764e+07 8.19546e+07 790
6.59791e+07 8.23696e+07 794
6.96149e+07 8.27845e+07 798
7.33752e+07 8.33032e+07 803
7.70813e+07 8.37182e+07 807
8.08206e+07 8.41331e+07 811
8.50081e+07 8.49631e+07 819
8.86143e+07 8.51705e+07 821
9.24612e+07 8.55855e+07 825
9.61088e+07 8.5793e+07 827
1.00495e+08 8.66229e+07 835
1.0445e+08 8.70379e+07 839
1.08694e+08 8.76603e+07 845
1.13255e+08 8.84902e+07 853
1.21586e+08 8.94239e+07 862
1.25445e+08 8.96314e+07 864
1.29768e+08 9.01501e+07 869
1.34286e+08 9.07725e+07 875
1.43472e+08 9.20174e+07 887
1.66574e+08 9.47146e+07 913
1.7166e+08 9.54408e+07 920
215024 7.59472e+07 704
3.13374e+06 7.60551e+07 705
6.09507e+06 7.65945e+07 710
9.08507e+06 7.7026e+07 714
1.2125e+07 7.75654e+07 719
1.51644e+07 7.78891e+07 722
1.82286e+07 7.82127e+07 725
2.13762e+07 7.87521e+07 730
2.45318e+07 7.91836e+07 734
2.77581e+07 7.9723e+07 739
3.09423e+07 8.00467e+07 742
3.42431e+07 8.05861e+07 747
3.74354e+07 8.08018e+07 749
4.08065e+07 8.13412e+07 754
4.41025e+07 8.16648e+07 757
4.74234e+07 8.19885e+07 760
5.10352e+07 8.27436e+07 767
5.43517e+07 8.29594e+07 769
5.77594e+07 8.3283e+07 772
6.1429e+07 8.39303e+07 778
6.48988e+07 8.4254e+07 781
6.84808e+07 8.46855e+07 785
7.237e+07 8.54406e+07 792
7.60306e+07 8.58722e+07 796
7.97244e+07 8.63037e+07 800
8.33474e+07 8.66273e+07 803
8.73191e+07 8.72746e+07 809
9.08922e+07 8.74903e+07 811
9.49467e+07 8.81376e+07 817
1.02956e+08 8.92164e+07 827
1.32291e+08 9.29922e+07 862
1.3649e+08 9.34237e+07 866
1.4056e+08 9.37474e+07 869
3.10262e+06 7.81894e+07 698
6.0178e+06 7.85254e+07 701
8.95782e+06 7.88615e+07 704
1.19395e+07 7.93096e+07 708
1.49334e+07 7.96456e+07 711
1.80023e+07 8.02057e+07 716
2.10541e+07 8.05418e+07 719
2.41308e+07 8.08779e+07 722
3.04419e+07 8.1774e+07 730
3.36472e+07 8.22221e+07 734
3.69355e+07 8.27822e+07 739
4.02653e+07 8.33423e+07 744
4.35199e+07 8.36783e+07 747
4.67994e+07 8.40144e+07 750
5.02368e+07 8.45745e+07 755
5.35035e+07 8.47985e+07 757
5.70113e+07 8.53586e+07 762
6.04815e+07 8.58067e+07 766
6.39017e+07 8.61427e+07 769
6.76957e+07 8.69269e+07 776
7.11821e+07 8.72629e+07 779
7.47889e+07 8.7711e+07 783
7.84288e+07 8.81591e+07 787
8.17905e+07 8.82711e+07 788
8.57001e+07 8.89432e+07 794
8.96594e+07 8.96153e+07 800
9.33197e+07 8.99514e+07 803
9.71252e+07 9.03995e+07 807
3.05373e+06 7.98011e+07 687
5.92337e+06 8.01496e+07 690
8.83058e+06 8.06142e+07 694
1.17709e+07 8.10788e+07 698
1.47654e+07 8.16596e+07 703
1.77761e+07 8.21242e+07 707
2.07906e+07 8.24727e+07 710
2.383e+07 8.28212e+07 713
2.68942e+07 8.31697e+07 716
3.00249e+07 8.36343e+07 720
3.32346e+07 8.42151e+07 725
3.63858e+07 8.45636e+07 728
3.95076e+07 8.47959e+07 730
4.28791e+07 8.54928e+07 736
4.6113e+07 8.58413e+07 739
4.93052e+07 8.60736e+07 741
5.27967e+07 8.67706e+07 747
5.61135e+07 8.71191e+07 750
5.96129e+07 8.76999e+07 755
6.30707e+07 8.81645e+07 759
6.64744e+07 8.8513e+07 762
6.99942e+07 8.89776e+07 766
7.34517e+07 8.93261e+07 769
7.71333e+07 8.99069e+07 774
8.07525e+07 9.03715e+07 778
8.45128e+07 9.09523e+07 783
8.83145e+07 9.15331e+07 788
9.18089e+07 9.17654e+07 790
9.58013e+07 9.24624e+07 796
3.00928e+06 8.1442e+07 677
5.8547e+06 8.20435e+07 682
8.70334e+06 8.22841e+07 684
1.16023e+07 8.27653e+07 688
1.45553e+07 8.33668e+07 693
1.75246e+07 8.38479e+07 697
2.04978e+07 8.42088e+07 700
2.34957e+07 8.45697e+07 703
2.65561e+07 8.50509e+07 707
2.96496e+07 8.55321e+07 711
3.27304e+07 8.5893e+07 714
3.5786e+07 8.61336e+07 716
3.90747e+07 8.68554e+07 722
4.22382e+07 8.72163e+07 725
4.54266e+07 8.75772e+07 728
4.88395e+07 8.8299e+07 734
5.20193e+07 8.85396e+07 736
5.54401e+07 8.91411e+07 741
5.85865e+07 8.92614e+07 742
6.20735e+07 8.98629e+07 747
6.53403e+07 9.01035e+07 749
6.91718e+07 9.10658e+07 757
7.24965e+07 9.13064e+07 759
7.59374e+07 9.16673e+07 762
7.96108e+07 9.22688e+07 767
8.32176e+07 9.275e+07 771
8.67454e+07 9.31109e+07 774
9.04143e+07 9.35921e+07 778
9.44774e+07 9.44342e+07 785
2.96927e+06 8.31245e+07 668
5.76885e+06 8.36223e+07 672
8.60155e+06 8.412e+07 676
1.14505e+07 8.44934e+07 679
1.43453e+07 8.49911e+07 683
1.72481e+07 8.53644e+07 686
2.02342e+07 8.59866e+07 691
2.31949e+07 8.63599e+07 694
2.62181e+07 8.68577e+07 698
2.92326e+07 8.7231e+07 701
3.2272e+07 8.76043e+07 704
3.53861e+07 8.81021e+07 708
3.84793e+07 8.84754e+07 711
4.17139e+07 8.90976e+07 716
4.4865e+07 8.94709e+07 719
4.8041e+07 8.98442e+07 722
5.12418e+07 9.02175e+07 725
5.44675e+07 9.05908e+07 728
5.79548e+07 9.13374e+07 734
6.11595e+07 9.15863e+07 736
6.47296e+07 9.23329e+07 742
6.7984e+07 9.25818e+07 744
7.15414e+07 9.3204e+07 749
7.49409e+07 9.35773e+07 752
7.83652e+07 9.39506e+07 755
8.20303e+07 9.45728e+07 760
8.56247e+07 9.50706e+07 764
8.9136e+07 9.54439e+07 767
9.25517e+07 9.56928e+07 769
2.93371e+06 8.48612e+07 660
5.683e+06 8.51183e+07 662
8.47431e+06 8.56326e+07 666
1.13156e+07 8.62755e+07 671
1.41773e+07 8.67898e+07 675
1.70218e+07 8.7047e+07 677
1.99707e+07 8.76899e+07 682
2.28607e+07 8.7947e+07 684
2.58049e+07 8.83328e+07 687
2.87739e+07 8.87185e+07 690
3.18136e+07 8.92328e+07 694
3.48863e+07 8.97471e+07 698
3.80464e+07 9.039e+07 703
4.10148e+07 9.05186e+07 704
4.41786e+07 9.10329e+07 708
4.73091e+07 9.14186e+07 711
5.04644e+07 9.18043e+07 714
5.37941e+07 9.24472e+07 719
5.70863e+07 9.29615e+07 723
6.03285e+07 9.33473e+07 726
6.36828e+07 9.38616e+07 730
6.70702e+07 9.43759e+07 734
7.02997e+07 9.4633e+07 736
7.39443e+07 9.54045e+07 742
7.73273e+07 9.57902e+07 745
8.0843e+07 9.63046e+07 749
8.45039e+07 9.69474e+07 754
8.77414e+07 9.7076e+07 755
9.14686e+07 9.77189e+07 760
2.47468e+08 1.19963e+08 933
2.88926e+06 8.62661e+07 650
8.37251e+06 8.73278e+07 658
1.11638e+07 8.78587e+07 662
1.39882e+07 8.83896e+07 666
1.68458e+07 8.89205e+07 670
1.96486e+07 8.90532e+07 671
2.25933e+07 8.97168e+07 676
2.55044e+07 9.01149e+07 679
2.8482e+07 9.06458e+07 683
3.14468e+07 9.10439e+07 686
3.43865e+07 9.13094e+07 688
3.75052e+07 9.1973e+07 693
4.04904e+07 9.22384e+07 695
4.35546e+07 9.26365e+07 698
4.67768e+07 9.33001e+07 703
4.98282e+07 9.35656e+07 705
5.31207e+07 9.42291e+07 710
5.61388e+07 9.43619e+07 711
5.94975e+07 9.50254e+07 716
6.28104e+07 9.55563e+07 720
6.60651e+07 9.59545e+07 723
6.95356e+07 9.6618e+07 728
7.27485e+07 9.68835e+07 730
7.61856e+07 9.74144e+07 734
7.94399e+07 9.76798e+07 736
8.31591e+07 9.84761e+07 742
8.68117e+07 9.91397e+07 747
9.01447e+07 9.94051e+07 749
9.38677e+07 1.00069e+08 754
2.85815e+06 8.79988e+07 643
5.53707e+06 8.82726e+07 645
8.27072e+06 8.89568e+07 650
1.1012e+07 8.93674e+07 653
1.37992e+07 8.99148e+07 657
1.65441e+07 9.00517e+07 658
1.94436e+07 9.08728e+07 664
2.22591e+07 9.11466e+07 666
2.51663e+07 9.1694e+07 670
2.80233e+07 9.19677e+07 672
3.09884e+07 9.25151e+07 676
3.39367e+07 9.29257e+07 679
3.69099e+07 9.33363e+07 682
4.00244e+07 9.40205e+07 687
4.29306e+07 9.41574e+07 688
4.59783e+07 9.4568e+07 691
4.90508e+07 9.49785e+07 694
5.22229e+07 9.5526e+07 698
5.53492e+07 9.59365e+07 701
5.85835e+07 9.6484e+07 705
6.19381e+07 9.71682e+07 710
6.52427e+07 9.77157e+07 714
6.83894e+07 9.79894e+07 716
7.16523e+07 9.84e+07 719
7.50438e+07 9.89474e+07 723
7.85764e+07 9.96317e+07 728
8.19262e+07 1.00042e+08 731
8.55333e+07 1.00727e+08 736
8.91818e+07 1.01411e+08 741
9.23738e+07 1.01548e+08 742
9.57026e+07 1.01821e+08 744
2.33423e+08 1.2235e+08 894
2.82703e+06 8.96736e+07 636
5.47697e+06 8.99556e+07 638
8.1562e+06 9.03786e+07 641
1.08434e+07 9.06606e+07 643
1.35892e+07 9.12246e+07 647
1.63932e+07 9.19296e+07 652
1.91508e+07 9.22116e+07 654
2.19917e+07 9.27755e+07 658
2.48658e+07 9.33395e+07 662
2.76479e+07 9.34805e+07 663
3.35369e+07 9.46085e+07 671
3.6531e+07 9.51725e+07 675
3.93835e+07 9.53135e+07 676
4.23691e+07 9.57365e+07 679
4.53794e+07 9.61595e+07 682
4.84854e+07 9.67234e+07 686
5.16244e+07 9.72874e+07 690
5.47965e+07 9.78514e+07 694
5.77525e+07 9.79924e+07 695
6.08912e+07 9.84154e+07 698
6.43289e+07 9.92614e+07 704
6.73387e+07 9.94024e+07 705
7.07554e+07 1.00107e+08 710
7.41097e+07 1.00671e+08 714
7.73891e+07 1.01094e+08 717
8.09176e+07 1.01799e+08 722
8.40226e+07 1.0194e+08 723
8.73765e+07 1.02363e+08 726
9.08799e+07 1.02927e+08 730
9.44163e+07 1.03491e+08 734
9.78531e+07 1.03914e+08 737
2.14363e+08 1.21539e+08 862
2.19701e+08 1.22526e+08 869
2.29245e+08 1.23795e+08 878
2.34471e+08 1.24641e+08 884
2.39477e+08 1.25346e+08 889
5.39971e+06 9.12904e+07 629
8.04168e+06 9.17258e+07 632
1.07254e+07 9.23064e+07 636
1.34211e+07 9.27418e+07 639
1.61418e+07 9.31772e+07 642
1.89458e+07 9.39029e+07 647
2.16909e+07 9.41932e+07 649
2.44902e+07 9.46286e+07 652
2.73143e+07 9.5064e+07 655
3.01633e+07 9.54994e+07 658
3.3087e+07 9.60799e+07 662
3.59357e+07 9.63702e+07 664
3.88592e+07 9.68056e+07 667
4.18699e+07 9.73862e+07 671
4.47806e+07 9.76764e+07 673
4.77786e+07 9.81118e+07 676
5.10258e+07 9.89827e+07 682
5.3928e+07 9.91278e+07 683
5.70877e+07 9.97083e+07 687
6.01933e+07 1.00144e+08 690
6.34151e+07 1.00724e+08 694
6.66701e+07 1.01305e+08 698
6.98585e+07 1.0174e+08 701
7.30717e+07 1.02176e+08 704
7.63098e+07 1.02611e+08 707
7.95727e+07 1.03046e+08 710
8.29766e+07 1.03627e+08 714
8.62934e+07 1.04062e+08 717
8.96349e+07 1.04498e+08 720
9.30013e+07 1.04933e+08 723
9.66581e+07 1.05659e+08 728
9.99455e+07 1.05949e+08 730
2.06148e+08 1.2235e+08 843
2.15656e+08 1.23801e+08 853
2.20985e+08 1.24817e+08 860
2.2559e+08 1.25397e+08 864
2.30493e+08 1.26123e+08 869
2.56199e+08 1.30042e+08 896
2.75146e+06 9.24015e+07 619
5.33962e+06 9.28493e+07 622
7.93989e+06 9.31479e+07 624
1.05904e+07 9.3745e+07 628
1.32531e+07 9.41928e+07 631
1.59909e+07 9.49392e+07 636
1.86822e+07 9.52377e+07 638
2.1457e+07 9.58348e+07 642
2.41522e+07 9.59841e+07 643
2.69807e+07 9.65812e+07 647
2.97966e+07 9.7029e+07 650
3.25872e+07 9.73276e+07 652
3.83931e+07 9.83725e+07 659
4.13083e+07 9.88203e+07 662
4.41817e+07 9.91189e+07 664
4.71425e+07 9.95667e+07 667
5.02028e+07 1.00164e+08 671
5.30595e+07 1.00313e+08 672
5.62567e+07 1.01059e+08 677
5.93209e+07 1.01507e+08 680
6.241e+07 1.01955e+08 683
6.57149e+07 1.02701e+08 688
6.88619e+07 1.03149e+08 691
7.20338e+07 1.03597e+08 694
7.53384e+07 1.04194e+08 698
7.8564e+07 1.04642e+08 701
8.18145e+07 1.0509e+08 704
8.50898e+07 1.05538e+08 707
8.839e+07 1.05986e+08 710
9.18436e+07 1.06583e+08 714
9.51976e+07 1.0703e+08 717
9.88502e+07 1.07777e+08 722
1.02262e+08 1.08225e+08 725
1.05409e+08 1.08374e+08 726
1.93498e+08 1.22257e+08 819
1.98812e+08 1.23451e+08 827
2.03213e+08 1.24048e+08 831
2.07648e+08 1.24645e+08 835
2.12116e+08 1.25242e+08 839
2.21673e+08 1.26735e+08 849
2.36867e+08 1.29273e+08 866
2.4184e+08 1.30019e+08 871
2.72035e+06 9.389e+07 612
5.26236e+06 9.40434e+07 613
7.8381e+06 9.45037e+07 616
1.04724e+07 9.52707e+07 621
1.30851e+07 9.55776e+07 623
1.57646e+07 9.61912e+07 627
1.8448e+07 9.66515e+07 630
2.11228e+07 9.69583e+07 632
2.38892e+07 9.7572e+07 636
2.66054e+07 9.78788e+07 638
2.94298e+07 9.84924e+07 642
3.22374e+07 9.89527e+07 645
3.50157e+07 9.92595e+07 647
3.79853e+07 1.00027e+08 652
4.07467e+07 1.0018e+08 653
4.3716e+07 1.00794e+08 657
4.6577e+07 1.011e+08 659
4.96043e+07 1.01714e+08 663
5.26647e+07 1.02328e+08 667
5.55089e+07 1.02481e+08 668
5.85358e+07 1.02941e+08 671
6.1679e+07 1.03555e+08 675
6.48553e+07 1.04169e+08 679
6.80647e+07 1.04782e+08 683
7.12034e+07 1.05243e+08 686
7.4259e+07 1.0555e+08 688
7.74433e+07 1.0601e+08 691
8.07686e+07 1.06623e+08 695
8.40066e+07 1.07084e+08 698
8.72696e+07 1.07544e+08 701
9.05573e+07 1.08004e+08 704
9.42682e+07 1.08925e+08 710
9.73442e+07 1.09078e+08 711
1.00711e+08 1.09538e+08 714
1.04102e+08 1.09999e+08 717
1.07817e+08 1.10766e+08 722
1.77731e+08 1.21812e+08 794
1.8193e+08 1.22425e+08 798
1.86394e+08 1.23192e+08 803
1.95446e+08 1.24726e+08 813
2.00279e+08 1.25647e+08 819
2.04167e+08 1.25954e+08 821
2.09082e+08 1.26874e+08 827
2.1854e+08 1.28408e+08 837
2.23066e+08 1.29022e+08 841
2.27625e+08 1.29636e+08 845
2.32764e+08 1.30556e+08 851
2.42346e+08 1.31937e+08 860
7.76175e+06 9.61083e+07 610
1.03206e+07 9.64234e+07 612
1.29381e+07 9.70536e+07 616
1.55635e+07 9.75263e+07 619
1.82137e+07 9.7999e+07 622
2.08554e+07 9.83141e+07 624
2.36263e+07 9.91018e+07 629
2.63135e+07 9.9417e+07 631
2.89714e+07 9.95745e+07 632
3.17876e+07 1.00205e+08 636
3.45827e+07 1.00677e+08 639
3.74609e+07 1.01308e+08 643
4.03723e+07 1.01938e+08 647
4.31171e+07 1.02095e+08 648
4.59409e+07 1.0241e+08 650
4.89309e+07 1.03041e+08 654
5.18751e+07 1.03513e+08 657
5.48441e+07 1.03986e+08 660
5.77507e+07 1.04301e+08 662
6.40911e+07 1.05719e+08 671
6.69685e+07 1.05877e+08 672
7.00616e+07 1.06349e+08 675
7.30717e+07 1.06664e+08 677
7.64346e+07 1.07452e+08 682
7.94902e+07 1.07767e+08 684
8.30438e+07 1.08713e+08 690
8.60246e+07 1.0887e+08 691
8.9271e+07 1.09343e+08 694
9.26749e+07 1.09973e+08 698
9.59751e+07 1.10446e+08 701
9.93001e+07 1.10918e+08 704
1.02795e+08 1.11549e+08 708
1.06473e+08 1.12336e+08 713
1.09885e+08 1.12809e+08 716
1.13006e+08 1.12967e+08 717
1.74821e+08 1.2305e+08 781
1.79422e+08 1.23995e+08 787
1.83841e+08 1.24783e+08 792
1.88064e+08 1.25413e+08 796
1.92561e+08 1.26201e+08 801
1.96855e+08 1.26831e+08 805
2.01182e+08 1.27462e+08 809
2.05543e+08 1.28092e+08 813
2.1045e+08 1.29037e+08 819
2.14885e+08 1.29667e+08 823
2.19352e+08 1.30298e+08 827
2.24392e+08 1.31243e+08 833
2.28935e+08 1.31873e+08 837
2.3351e+08 1.32503e+08 841
2.38682e+08 1.33449e+08 847
2.43332e+08 1.34079e+08 851
2.48305e+08 1.34867e+08 856
2.53614e+08 1.35812e+08 862
2.65367e+06 9.65314e+07 597
5.15076e+06 9.70165e+07 600
7.64723e+06 9.71782e+07 601
1.01857e+07 9.76633e+07 604
1.277e+07 9.83101e+07 608
1.53372e+07 9.86335e+07 610
1.79502e+07 9.91185e+07 613
2.06214e+07 9.97653e+07 617
2.33258e+07 1.00412e+08 621
2.59382e+07 1.00574e+08 622
2.86047e+07 1.00897e+08 624
3.13877e+07 1.01544e+08 628
3.41497e+07 1.02029e+08 631
3.69366e+07 1.02514e+08 634
3.97483e+07 1.02999e+08 637
4.25183e+07 1.03323e+08 639
4.53755e+07 1.03808e+08 642
4.81828e+07 1.04131e+08 644
5.10855e+07 1.04616e+08 647
5.40131e+07 1.05101e+08 650
5.714e+07 1.0591e+08 655
6.00342e+07 1.06233e+08 657
6.30405e+07 1.06718e+08 660
6.61712e+07 1.07365e+08 664
6.92313e+07 1.0785e+08 667
7.24241e+07 1.08497e+08 671
7.53139e+07 1.08658e+08 672
7.85605e+07 1.09305e+08 676
8.17199e+07 1.0979e+08 679
8.50287e+07 1.10437e+08 683
8.79847e+07 1.10599e+08 684
9.12144e+07 1.11084e+08 687
9.48798e+07 1.12054e+08 693
9.78896e+07 1.12216e+08 694
1.01343e+08 1.12863e+08 698
1.04531e+08 1.13186e+08 700
1.08196e+08 1.13994e+08 705
1.11588e+08 1.14479e+08 708
1.14842e+08 1.14803e+08 710
1.72583e+08 1.24666e+08 771
1.76458e+08 1.25151e+08 774
1.80823e+08 1.2596e+08 779
1.84993e+08 1.26607e+08 783
1.89436e+08 1.27415e+08 788
1.98447e+08 1.29032e+08 798
2.03015e+08 1.2984e+08 803
2.06852e+08 1.30164e+08 805
2.11229e+08 1.30811e+08 809
2.15639e+08 1.31457e+08 813
2.2116e+08 1.32751e+08 821
2.25652e+08 1.33398e+08 825
2.30178e+08 1.34044e+08 829
2.34737e+08 1.34691e+08 833
2.44534e+08 1.36308e+08 843
2.64319e+08 1.3938e+08 862
2.61811e+06 9.76761e+07 589
5.08208e+06 9.81736e+07 592
7.55817e+06 9.85053e+07 594
1.00677e+07 9.90028e+07 597
1.51612e+07 9.99978e+07 603
1.77159e+07 1.00329e+08 605
2.03875e+07 1.01159e+08 610
2.29878e+07 1.0149e+08 612
2.56463e+07 1.01988e+08 615
2.83755e+07 1.02651e+08 619
3.10379e+07 1.02983e+08 621
3.37168e+07 1.03314e+08 623
3.6587e+07 1.04144e+08 628
3.92491e+07 1.04309e+08 629
4.1986e+07 1.04641e+08 631
4.48101e+07 1.05139e+08 634
4.7659e+07 1.05636e+08 637
5.06118e+07 1.06299e+08 641
5.34314e+07 1.06631e+08 643
5.62677e+07 1.06963e+08 645
5.92118e+07 1.0746e+08 648
6.22763e+07 1.08124e+08 652
6.82971e+07 1.09119e+08 658
7.14527e+07 1.09782e+08 662
7.44173e+07 1.10114e+08 664
7.75146e+07 1.10611e+08 667
8.07571e+07 1.11274e+08 671
8.36593e+07 1.1144e+08 672
8.73415e+07 1.12601e+08 679
9.0285e+07 1.12767e+08 680
9.35107e+07 1.13264e+08 683
9.67612e+07 1.13762e+08 686
9.98913e+07 1.14094e+08 688
1.03187e+08 1.14591e+08 691
1.06662e+08 1.15254e+08 695
1.10327e+08 1.16084e+08 700
1.1371e+08 1.16581e+08 703
1.69897e+08 1.25868e+08 759
1.74179e+08 1.26697e+08 764
1.78038e+08 1.27195e+08 767
1.82394e+08 1.28024e+08 772
1.86551e+08 1.28687e+08 776
1.90986e+08 1.29516e+08 781
1.95214e+08 1.3018e+08 785
1.99222e+08 1.30677e+08 788
2.03512e+08 1.3134e+08 792
2.08357e+08 1.32335e+08 798
2.12456e+08 1.32833e+08 801
2.1685e+08 1.33496e+08 805
2.21823e+08 1.34491e+08 811
2.26291e+08 1.35155e+08 815
2.30792e+08 1.35818e+08 819
2.35898e+08 1.36813e+08 825
2.40473e+08 1.37476e+08 829
2.45082e+08 1.3814e+08 833
2.55003e+08 1.39798e+08 843
2.59144e+06 9.90945e+07 583
7.48182e+06 9.99443e+07 588
9.98335e+06 1.00624e+08 592
1.2455e+07 1.00794e+08 593
1.49852e+07 1.01304e+08 596
1.75109e+07 1.01644e+08 598
2.00867e+07 1.02154e+08 601
2.27248e+07 1.02834e+08 605
2.53544e+07 1.03344e+08 608
2.79629e+07 1.03684e+08 610
3.0638e+07 1.04194e+08 613
3.32838e+07 1.04534e+08 615
3.59462e+07 1.04874e+08 617
3.86875e+07 1.05383e+08 620
4.14537e+07 1.05893e+08 623
4.43153e+07 1.06573e+08 627
4.69857e+07 1.06743e+08 628
4.98222e+07 1.07253e+08 631
5.27667e+07 1.07933e+08 635
5.5657e+07 1.08443e+08 638
5.86636e+07 1.09123e+08 642
6.15122e+07 1.09463e+08 644
6.44771e+07 1.09973e+08 647
6.74668e+07 1.10483e+08 650
7.03734e+07 1.10823e+08 652
7.34086e+07 1.11333e+08 655
7.65849e+07 1.12012e+08 659
7.96739e+07 1.12522e+08 662
8.26633e+07 1.12862e+08 664
8.57979e+07 1.13372e+08 667
8.92229e+07 1.14222e+08 672
9.20047e+07 1.14222e+08 672
9.54917e+07 1.15072e+08 677
9.90202e+07 1.15922e+08 682
1.01843e+08 1.15922e+08 682
1.0528e+08 1.16602e+08 686
1.08751e+08 1.17282e+08 690
1.12092e+08 1.17792e+08 693
1.15293e+08 1.18131e+08 695
1.67882e+08 1.2748e+08 750
1.71899e+08 1.2816e+08 754
1.76181e+08 1.2901e+08 759
1.80031e+08 1.2952e+08 762
1.84147e+08 1.302e+08 766
1.88052e+08 1.3071e+08 769
1.91981e+08 1.31219e+08 772
1.96694e+08 1.32239e+08 778
2.01199e+08 1.33089e+08 783
2.05485e+08 1.33769e+08 787
2.09008e+08 1.33939e+08 788
2.13886e+08 1.34959e+08 794
2.18267e+08 1.35639e+08 798
2.22959e+08 1.36489e+08 803
2.2741e+08 1.37168e+08 807
2.31895e+08 1.37848e+08 811
2.36412e+08 1.38528e+08 815
2.40963e+08 1.39208e+08 819
2.46143e+08 1.40228e+08 825
2.50768e+08 1.40908e+08 829
2.5604e+08 1.41928e+08 835
2.66102e+08 1.43627e+08 845
2.56477e+06 1.00463e+08 577
4.9619e+06 1.00637e+08 578
9.83158e+06 1.01508e+08 583
1.2308e+07 1.0203e+08 586
1.48092e+07 1.02553e+08 589
1.98527e+07 1.03423e+08 594
2.24243e+07 1.03945e+08 597
2.50208e+07 1.04468e+08 600
2.75962e+07 1.04816e+08 602
3.02382e+07 1.05338e+08 605
3.29591e+07 1.06035e+08 609
3.55966e+07 1.06383e+08 611
3.82507e+07 1.06731e+08 613
4.09213e+07 1.07079e+08 615
4.37499e+07 1.07776e+08 619
4.65368e+07 1.08298e+08 622
4.92695e+07 1.08646e+08 624
5.21019e+07 1.09169e+08 627
5.50464e+07 1.09865e+08 631
5.77498e+07 1.10039e+08 632
6.07481e+07 1.10736e+08 636
6.34805e+07 1.1091e+08 637
6.66364e+07 1.11781e+08 642
6.95099e+07 1.12129e+08 644
7.2512e+07 1.12651e+08 647
7.5539e+07 1.13173e+08 650
7.84704e+07 1.13522e+08 652
8.17919e+07 1.14392e+08 657
8.46402e+07 1.14566e+08 658
8.78951e+07 1.15263e+08 662
9.40812e+07 1.16133e+08 667
9.74231e+07 1.1683e+08 671
1.00499e+08 1.17178e+08 673
1.03746e+08 1.177e+08 676
1.07017e+08 1.18223e+08 679
1.10636e+08 1.19093e+08 684
1.13966e+08 1.19616e+08 687
1.6542e+08 1.28669e+08 739
1.69163e+08 1.29192e+08 742
1.73395e+08 1.30062e+08 747
1.77196e+08 1.30585e+08 750
1.81263e+08 1.31281e+08 754
1.85607e+08 1.32152e+08 759
1.89495e+08 1.32674e+08 762
1.9366e+08 1.33371e+08 766
1.97602e+08 1.33893e+08 769
2.02091e+08 1.34763e+08 774
2.06621e+08 1.35634e+08 779
2.10923e+08 1.3633e+08 783
2.15259e+08 1.37027e+08 787
2.18794e+08 1.37201e+08 788
2.24311e+08 1.38594e+08 796
2.28178e+08 1.38942e+08 798
2.37432e+08 1.40509e+08 807
2.41966e+08 1.41206e+08 811
2.47138e+08 1.4225e+08 817
2.6641e+08 1.45384e+08 835
2.54255e+06 1.0196e+08 572
7.30368e+06 1.02317e+08 574
9.71353e+06 1.02673e+08 576
1.21819e+07 1.03386e+08 580
1.46583e+07 1.03921e+08 583
1.71303e+07 1.04278e+08 585
1.96522e+07 1.04812e+08 588
2.2199e+07 1.05347e+08 591
2.47289e+07 1.05704e+08 593
2.73212e+07 1.06239e+08 596
2.99383e+07 1.06773e+08 599
3.25261e+07 1.0713e+08 601
3.51305e+07 1.07486e+08 603
3.77515e+07 1.07843e+08 605
4.05221e+07 1.08556e+08 609
4.31845e+07 1.08912e+08 611
4.59382e+07 1.09447e+08 614
4.87168e+07 1.09982e+08 617
5.15202e+07 1.10517e+08 620
5.42612e+07 1.10873e+08 622
5.70188e+07 1.1123e+08 624
5.9984e+07 1.11943e+08 628
6.28826e+07 1.12477e+08 631
6.58061e+07 1.13012e+08 634
6.87544e+07 1.13547e+08 637
7.15033e+07 1.13725e+08 638
7.4493e+07 1.1426e+08 641
7.75076e+07 1.14795e+08 644
8.05469e+07 1.15329e+08 647
8.38684e+07 1.16221e+08 652
8.67002e+07 1.16399e+08 653
8.9951e+07 1.17112e+08 657
9.30938e+07 1.17647e+08 660
9.61164e+07 1.18003e+08 662
9.94541e+07 1.18716e+08 666
1.02825e+08 1.19429e+08 670
1.05756e+08 1.19607e+08 671
1.09181e+08 1.2032e+08 675
1.12307e+08 1.20677e+08 677
1.15959e+08 1.21568e+08 682
1.58846e+08 1.28877e+08 723
1.62958e+08 1.29768e+08 728
1.66655e+08 1.30303e+08 731
1.70842e+08 1.31194e+08 736
1.74597e+08 1.31729e+08 739
1.78859e+08 1.3262e+08 744
1.82672e+08 1.33155e+08 747
1.87008e+08 1.34046e+08 752
1.90626e+08 1.34402e+08 754
1.95032e+08 1.35294e+08 759
1.98958e+08 1.35828e+08 762
2.03438e+08 1.3672e+08 767
2.07691e+08 1.37433e+08 771
2.11703e+08 1.37967e+08 774
2.16295e+08 1.38859e+08 779
2.20084e+08 1.39215e+08 781
2.25318e+08 1.40463e+08 788
2.2916e+08 1.40819e+08 790
2.34196e+08 1.41889e+08 796
2.38088e+08 1.42246e+08 798
2.42904e+08 1.43137e+08 803
2.61943e+08 1.46345e+08 821
2.67281e+08 1.47415e+08 827
2.72668e+08 1.48484e+08 833
2.50699e+06 1.02869e+08 564
1.20349e+07 1.04511e+08 573
1.44572e+07 1.04875e+08 575
1.6896e+07 1.0524e+08 577
1.93848e+07 1.05787e+08 580
2.1936e+07 1.06517e+08 584
2.43952e+07 1.06699e+08 585
2.69544e+07 1.07247e+08 588
2.96384e+07 1.08159e+08 593
3.21473e+07 1.08341e+08 594
3.4781e+07 1.08888e+08 597
3.73147e+07 1.0907e+08 598
3.99898e+07 1.09618e+08 601
4.26191e+07 1.09982e+08 603
4.54145e+07 1.10712e+08 607
4.80851e+07 1.11077e+08 609
5.08554e+07 1.11624e+08 612
5.35633e+07 1.11989e+08 614
5.63792e+07 1.12536e+08 617
5.92198e+07 1.13083e+08 620
6.20853e+07 1.1363e+08 623
6.48719e+07 1.13995e+08 625
6.77829e+07 1.14542e+08 628
7.07188e+07 1.15089e+08 631
7.37958e+07 1.15819e+08 635
7.66651e+07 1.16184e+08 637
7.9551e+07 1.16549e+08 639
8.25821e+07 1.17096e+08 642
8.59036e+07 1.18008e+08 647
8.85819e+07 1.18008e+08 647
9.16833e+07 1.18555e+08 650
9.81101e+07 1.19832e+08 657
1.0129e+08 1.20379e+08 660
1.04495e+08 1.20926e+08 663
1.07725e+08 1.21473e+08 666
1.10814e+08 1.21838e+08 668
1.14259e+08 1.22568e+08 672
1.17563e+08 1.23115e+08 675
1.52619e+08 1.29134e+08 708
1.56868e+08 1.30228e+08 714
1.60495e+08 1.30775e+08 717
1.64603e+08 1.31687e+08 722
1.68289e+08 1.32234e+08 725
1.72471e+08 1.33146e+08 730
1.76214e+08 1.33693e+08 733
1.79982e+08 1.34241e+08 736
1.84272e+08 1.35153e+08 741
1.88351e+08 1.35882e+08 745
1.92463e+08 1.36612e+08 749
1.96347e+08 1.37159e+08 752
2.00255e+08 1.37706e+08 755
2.04458e+08 1.38436e+08 759
2.08421e+08 1.38983e+08 762
2.12963e+08 1.39895e+08 767
2.17547e+08 1.40807e+08 772
2.21315e+08 1.41171e+08 774
2.25969e+08 1.42083e+08 779
2.30371e+08 1.42813e+08 783
2.34806e+08 1.43543e+08 787
2.38971e+08 1.4409e+08 790
2.44081e+08 1.45184e+08 796
7.13827e+06 1.04644e+08 561
1.67203e+07 1.0651e+08 571
1.91843e+07 1.07069e+08 574
2.16355e+07 1.07442e+08 576
2.41867e+07 1.08188e+08 580
2.66335e+07 1.08375e+08 581
2.92386e+07 1.09121e+08 585
3.18226e+07 1.09681e+08 588
3.43732e+07 1.10054e+08 590
3.69403e+07 1.10427e+08 592
3.9524e+07 1.108e+08 594
4.2195e+07 1.11359e+08 597
4.48159e+07 1.11732e+08 599
4.74535e+07 1.12106e+08 601
5.01907e+07 1.12665e+08 604
5.29527e+07 1.13225e+08 607
5.57395e+07 1.13784e+08 610
5.84557e+07 1.14157e+08 612
6.11884e+07 1.1453e+08 614
6.39377e+07 1.14904e+08 616
6.69195e+07 1.1565e+08 620
6.97102e+07 1.16023e+08 622
7.2866e+07 1.16955e+08 627
7.57023e+07 1.17328e+08 629
7.86795e+07 1.17888e+08 632
8.1553e+07 1.18261e+08 634
8.44431e+07 1.18634e+08 636
8.77604e+07 1.19567e+08 641
9.05549e+07 1.19753e+08 642
9.36481e+07 1.20313e+08 645
9.69155e+07 1.21059e+08 649
1.00062e+08 1.21619e+08 652
1.03234e+08 1.22178e+08 655
1.06431e+08 1.22738e+08 658
1.09487e+08 1.23111e+08 660
1.12559e+08 1.23484e+08 662
1.15996e+08 1.2423e+08 666
1.19109e+08 1.24603e+08 668
1.47363e+08 1.30013e+08 697
1.50895e+08 1.30572e+08 700
1.54671e+08 1.31318e+08 704
1.58481e+08 1.32064e+08 708
1.62552e+08 1.32997e+08 713
1.66199e+08 1.33557e+08 716
1.69872e+08 1.34116e+08 719
1.77537e+08 1.35422e+08 726
1.81785e+08 1.36355e+08 731
1.8557e+08 1.36914e+08 734
1.89379e+08 1.37474e+08 737
1.93475e+08 1.3822e+08 741
1.97603e+08 1.38966e+08 745
2.01764e+08 1.39712e+08 749
2.06233e+08 1.40645e+08 754
2.10187e+08 1.41204e+08 757
2.14166e+08 1.41764e+08 760
2.19028e+08 1.42883e+08 766
2.22489e+08 1.4307e+08 767
2.31524e+08 1.44749e+08 776
2.36249e+08 1.45681e+08 781
2.40095e+08 1.46054e+08 783
2.44579e+08 1.468e+08 787
2.53966e+08 1.48479e+08 796
2.58554e+08 1.49225e+08 800
2.4492e+06 1.0506e+08 551
1.41303e+07 1.07157e+08 562
1.65153e+07 1.07539e+08 564
1.89169e+07 1.0792e+08 566
2.38531e+07 1.09064e+08 572
2.63585e+07 1.09636e+08 575
2.88887e+07 1.10208e+08 578
3.13896e+07 1.10589e+08 580
3.39071e+07 1.10971e+08 582
3.65659e+07 1.11733e+08 586
3.91248e+07 1.12115e+08 588
4.16296e+07 1.12305e+08 589
4.4367e+07 1.13068e+08 593
4.69797e+07 1.13449e+08 595
4.9609e+07 1.13831e+08 597
5.2342e+07 1.14403e+08 600
5.50085e+07 1.14784e+08 602
5.77871e+07 1.15356e+08 605
6.04909e+07 1.15737e+08 607
6.3315e+07 1.16309e+08 610
6.6056e+07 1.16691e+08 612
6.88136e+07 1.17072e+08 614
7.17039e+07 1.17644e+08 617
7.46191e+07 1.18216e+08 620
7.75591e+07 1.18788e+08 623
8.06526e+07 1.19551e+08 627
8.35137e+07 1.19932e+08 629
8.63913e+07 1.20314e+08 631
8.95676e+07 1.21076e+08 635
9.24866e+07 1.21458e+08 637
9.54222e+07 1.21839e+08 639
1.01658e+08 1.22983e+08 645
1.04975e+08 1.23746e+08 649
1.08159e+08 1.24318e+08 652
1.11199e+08 1.24699e+08 654
1.14428e+08 1.25271e+08 657
1.17683e+08 1.25843e+08 660
1.21145e+08 1.26606e+08 664
1.45248e+08 1.30991e+08 687
1.49386e+08 1.32135e+08 693
1.52474e+08 1.32326e+08 694
1.56242e+08 1.33089e+08 698
1.59816e+08 1.33661e+08 701
1.6411e+08 1.34805e+08 707
1.71406e+08 1.35949e+08 713
1.75336e+08 1.36711e+08 717
1.78304e+08 1.36711e+08 717
1.82536e+08 1.37665e+08 722
1.86553e+08 1.38427e+08 726
1.95216e+08 1.40334e+08 736
1.98532e+08 1.40525e+08 737
2.02677e+08 1.41287e+08 741
2.06577e+08 1.41859e+08 744
2.10502e+08 1.42431e+08 747
2.15596e+08 1.43766e+08 754
2.20168e+08 1.4472e+08 759
2.23604e+08 1.4491e+08 760
2.27347e+08 1.45292e+08 762
2.32014e+08 1.46245e+08 767
2.36415e+08 1.47008e+08 771
2.41161e+08 1.47961e+08 776
2.45948e+08 1.48914e+08 781
2.49819e+08 1.49296e+08 783
2.54676e+08 1.50249e+08 788
2.42698e+06 1.06367e+08 546
9.29194e+06 1.07341e+08 551
1.87164e+07 1.09094e+08 560
2.11472e+07 1.09679e+08 563
2.35612e+07 1.10068e+08 565
2.60376e+07 1.10653e+08 568
2.85388e+07 1.11237e+08 571
3.10108e+07 1.11627e+08 573
3.35575e+07 1.12211e+08 576
3.60043e+07 1.12406e+08 577
3.8659e+07 1.13185e+08 581
4.12762e+07 1.1377e+08 584
4.37685e+07 1.13964e+08 585
4.6427e+07 1.14549e+08 588
4.89442e+07 1.14744e+08 589
5.16441e+07 1.15328e+08 592
5.43689e+07 1.15912e+08 595
5.7023e+07 1.16302e+08 597
5.97933e+07 1.16887e+08 600
6.24846e+07 1.17276e+08 602
6.51925e+07 1.17666e+08 604
6.81411e+07 1.18445e+08 608
7.08904e+07 1.18835e+08 610
7.37766e+07 1.19419e+08 613
7.65632e+07 1.19809e+08 615
7.96235e+07 1.20588e+08 619
8.25843e+07 1.21172e+08 622
8.5296e+07 1.21367e+08 623
8.84392e+07 1.22146e+08 627
9.16154e+07 1.22926e+08 631
9.43768e+07 1.2312e+08 632
9.74535e+07 1.23705e+08 635
1.00555e+08 1.24289e+08 638
1.03358e+08 1.24484e+08 639
1.06832e+08 1.25458e+08 644
1.10008e+08 1.26043e+08 647
1.13209e+08 1.26627e+08 650
1.16435e+08 1.27211e+08 653
1.19503e+08 1.27601e+08 655
1.22774e+08 1.28186e+08 658
1.25879e+08 1.28575e+08 660
1.39295e+08 1.30913e+08 672
1.43557e+08 1.32277e+08 679
1.47015e+08 1.32861e+08 682
1.50717e+08 1.3364e+08 686
1.54004e+08 1.3403e+08 688
1.57992e+08 1.35004e+08 693
1.61325e+08 1.35394e+08 695
1.64911e+08 1.35978e+08 698
1.69002e+08 1.36952e+08 703
1.72401e+08 1.37342e+08 705
1.76563e+08 1.38316e+08 710
1.80514e+08 1.39095e+08 714
1.8424e+08 1.39679e+08 717
1.88514e+08 1.40653e+08 722
1.91768e+08 1.40848e+08 723
1.95569e+08 1.41433e+08 726
1.99942e+08 1.42407e+08 731
2.04356e+08 1.43381e+08 736
2.07684e+08 1.43576e+08 737
2.11879e+08 1.44355e+08 741
2.16107e+08 1.45134e+08 745
2.20368e+08 1.45913e+08 749
2.2496e+08 1.46887e+08 754
2.33042e+08 1.48056e+08 760
2.37432e+08 1.48836e+08 764
2.41539e+08 1.4942e+08 767
2.4599e+08 1.50199e+08 771
2.50798e+08 1.51173e+08 776
6.90923e+06 1.0803e+08 543
9.19075e+06 1.08428e+08 545
1.38286e+07 1.09423e+08 550
1.85493e+07 1.10417e+08 555
2.08843e+07 1.10616e+08 556
2.3311e+07 1.11213e+08 559
2.57167e+07 1.11611e+08 561
2.8189e+07 1.12208e+08 564
3.06319e+07 1.12606e+08 566
3.31497e+07 1.13203e+08 569
3.56923e+07 1.138e+08 572
3.81933e+07 1.14198e+08 574
4.07107e+07 1.14595e+08 576
4.33196e+07 1.15192e+08 579
4.58743e+07 1.1559e+08 581
4.84456e+07 1.15988e+08 583
5.10335e+07 1.16386e+08 585
5.38206e+07 1.17182e+08 589
5.63544e+07 1.17381e+08 590
5.8996e+07 1.17779e+08 592
6.18618e+07 1.18574e+08 596
6.4437e+07 1.18773e+08 597
6.73566e+07 1.19569e+08 601
6.99607e+07 1.19768e+08 602
7.28138e+07 1.20365e+08 605
7.58162e+07 1.21161e+08 609
7.85945e+07 1.21559e+08 611
8.15221e+07 1.22156e+08 614
8.43376e+07 1.22553e+08 616
8.73108e+07 1.2315e+08 619
9.01635e+07 1.23548e+08 621
9.31822e+07 1.24145e+08 624
9.62257e+07 1.24742e+08 627
9.92941e+07 1.25339e+08 630
1.02225e+08 1.25737e+08 632
1.05505e+08 1.26532e+08 636
1.08988e+08 1.27527e+08 641
1.11816e+08 1.27726e+08 642
1.15008e+08 1.28323e+08 645
1.18043e+08 1.28721e+08 647
1.21095e+08 1.29119e+08 649
1.24735e+08 1.30114e+08 654
1.28222e+08 1.30909e+08 658
1.31344e+08 1.31307e+08 660
1.34685e+08 1.31904e+08 663
1.38259e+08 1.327e+08 667
1.41231e+08 1.32899e+08 668
1.44859e+08 1.33695e+08 672
1.48519e+08 1.3449e+08 676
1.52213e+08 1.35286e+08 680
1.55712e+08 1.35883e+08 683
1.59468e+08 1.36679e+08 687
1.63257e+08 1.37475e+08 691
1.66838e+08 1.38072e+08 694
1.7069e+08 1.38867e+08 698
1.74076e+08 1.39265e+08 700
1.77985e+08 1.40061e+08 704
1.8167e+08 1.40658e+08 707
1.8538e+08 1.41255e+08 710
1.89115e+08 1.41852e+08 713
1.93683e+08 1.43045e+08 719
1.9748e+08 1.43642e+08 722
2.01302e+08 1.44239e+08 725
2.05148e+08 1.44836e+08 728
2.0902e+08 1.45433e+08 731
2.12916e+08 1.4603e+08 734
2.18014e+08 1.47422e+08 741
2.2138e+08 1.47621e+08 742
2.25359e+08 1.48218e+08 745
2.29669e+08 1.49014e+08 749
2.34324e+08 1.50009e+08 754
2.3839e+08 1.50605e+08 757
2.42481e+08 1.51202e+08 760
2.46919e+08 1.51998e+08 764
4.60135e+06 1.08856e+08 536
1.59883e+07 1.10887e+08 546
2.06589e+07 1.117e+08 550
2.30608e+07 1.12309e+08 553
2.53958e+07 1.12512e+08 554
2.78391e+07 1.13121e+08 557
3.03613e+07 1.13933e+08 561
3.27419e+07 1.14137e+08 562
3.51931e+07 1.14543e+08 564
3.76609e+07 1.14949e+08 566
4.0216e+07 1.15558e+08 569
4.27959e+07 1.16167e+08 572
4.54006e+07 1.16777e+08 575
4.78639e+07 1.1698e+08 576
5.051e+07 1.17589e+08 579
5.29982e+07 1.17792e+08 580
5.56858e+07 1.18401e+08 583
5.82984e+07 1.18808e+08 585
6.11353e+07 1.1962e+08 589
6.37894e+07 1.20026e+08 591
6.63479e+07 1.20229e+08 592
6.92634e+07 1.21042e+08 596
7.46958e+07 1.21854e+08 600
7.7694e+07 1.22666e+08 604
8.03271e+07 1.22869e+08 605
8.33792e+07 1.23682e+08 609
8.61823e+07 1.24088e+08 611
8.91472e+07 1.24697e+08 614
9.18382e+07 1.249e+08 615
9.51514e+07 1.25916e+08 620
9.80332e+07 1.26322e+08 622
1.01093e+08 1.26931e+08 625
1.04344e+08 1.27744e+08 629
1.07118e+08 1.27947e+08 630
1.10074e+08 1.28353e+08 632
1.13225e+08 1.28962e+08 635
1.16949e+08 1.30181e+08 641
1.19789e+08 1.30384e+08 642
1.23018e+08 1.30993e+08 645
1.26273e+08 1.31602e+08 648
1.29752e+08 1.32415e+08 652
1.32857e+08 1.32821e+08 654
1.36393e+08 1.33633e+08 658
1.39963e+08 1.34446e+08 662
1.43134e+08 1.34852e+08 664
1.46542e+08 1.35461e+08 667
1.50199e+08 1.36273e+08 671
1.53432e+08 1.3668e+08 673
1.57147e+08 1.37492e+08 677
1.6113e+08 1.38507e+08 682
1.64194e+08 1.3871e+08 683
1.68e+08 1.39523e+08 687
1.71838e+08 1.40335e+08 691
1.75457e+08 1.40944e+08 694
1.79358e+08 1.41757e+08 698
1.83031e+08 1.42366e+08 701
1.86728e+08 1.42975e+08 704
1.9072e+08 1.43788e+08 708
1.94471e+08 1.44397e+08 711
1.98248e+08 1.45006e+08 714
2.02049e+08 1.45616e+08 717
2.06446e+08 1.46631e+08 722
2.10305e+08 1.4724e+08 725
2.14189e+08 1.4785e+08 728
2.18098e+08 1.48459e+08 731
2.22031e+08 1.49068e+08 734
2.26603e+08 1.50084e+08 739
2.34611e+08 1.51302e+08 745
2.39928e+08 1.52724e+08 752
2.43687e+08 1.5313e+08 754
1.81148e+07 1.12318e+08 542
2.27689e+07 1.13147e+08 546
2.51208e+07 1.13562e+08 548
2.75392e+07 1.14184e+08 551
2.99284e+07 1.14598e+08 553
3.23923e+07 1.1522e+08 556
3.48187e+07 1.15634e+08 558
3.73283e+07 1.16256e+08 561
3.98626e+07 1.16877e+08 564
4.21973e+07 1.16877e+08 564
4.48479e+07 1.17706e+08 568
4.73654e+07 1.18121e+08 570
4.98994e+07 1.18535e+08 572
5.245e+07 1.1895e+08 574
5.51127e+07 1.19571e+08 577
5.77005e+07 1.19986e+08 579
6.03049e+07 1.204e+08 581
6.30338e+07 1.21022e+08 584
6.57876e+07 1.21644e+08 587
6.83337e+07 1.21851e+08 588
7.12492e+07 1.2268e+08 592
7.39488e+07 1.23094e+08 594
7.6665e+07 1.23509e+08 596
7.93977e+07 1.23923e+08 598
8.2147e+07 1.24338e+08 600
8.5195e+07 1.25167e+08 604
8.8276e+07 1.25996e+08 608
9.10916e+07 1.2641e+08 610
9.39237e+07 1.26825e+08 612
9.69299e+07 1.27446e+08 615
9.97993e+07 1.27861e+08 617
1.02685e+08 1.28275e+08 619
1.05758e+08 1.28897e+08 622
1.09203e+08 1.29933e+08 627
1.12155e+08 1.30347e+08 629
1.15124e+08 1.30762e+08 631
1.18483e+08 1.31591e+08 635
1.21493e+08 1.32005e+08 637
1.24909e+08 1.32834e+08 641
1.2816e+08 1.33456e+08 644
1.31435e+08 1.34078e+08 647
1.34735e+08 1.34699e+08 650
1.3806e+08 1.35321e+08 653
1.41625e+08 1.3615e+08 657
1.44565e+08 1.36357e+08 658
1.51836e+08 1.38015e+08 666
1.55522e+08 1.38844e+08 670
1.58768e+08 1.39258e+08 672
1.62511e+08 1.40087e+08 676
1.65554e+08 1.40294e+08 677
1.69849e+08 1.41538e+08 683
1.76788e+08 1.42574e+08 688
1.80942e+08 1.4361e+08 693
1.84076e+08 1.43817e+08 694
1.91736e+08 1.45268e+08 701
1.95471e+08 1.4589e+08 704
1.99512e+08 1.46719e+08 708
2.03301e+08 1.4734e+08 711
2.07695e+08 1.48376e+08 716
2.11541e+08 1.48998e+08 719
2.15413e+08 1.4962e+08 722
2.19309e+08 1.50241e+08 725
2.23843e+08 1.51278e+08 730
2.27798e+08 1.51899e+08 733
2.31777e+08 1.52521e+08 736
2.3578e+08 1.53143e+08 739
2.40456e+08 1.54179e+08 744
4.50692e+06 1.10969e+08 525
6.69292e+06 1.1118e+08 526
8.90407e+06 1.11603e+08 528
1.56369e+07 1.12871e+08 534
1.79142e+07 1.13294e+08 536
2.02458e+07 1.13928e+08 539
2.25187e+07 1.14139e+08 540
2.48916e+07 1.14773e+08 543
2.72893e+07 1.15408e+08 546
3.20428e+07 1.16253e+08 550
3.45068e+07 1.16887e+08 553
3.67959e+07 1.16887e+08 553
3.93678e+07 1.17733e+08 557
4.17484e+07 1.17944e+08 558
4.42952e+07 1.18578e+08 561
4.68668e+07 1.19212e+08 564
4.9376e+07 1.19635e+08 566
5.19017e+07 1.20058e+08 568
5.4444e+07 1.2048e+08 570
5.70029e+07 1.20903e+08 572
5.95783e+07 1.21326e+08 574
6.21703e+07 1.21749e+08 576
6.5003e+07 1.22594e+08 580
6.77526e+07 1.23228e+08 583
7.02864e+07 1.2344e+08 584
7.30774e+07 1.24074e+08 587
7.57646e+07 1.24496e+08 589
7.84683e+07 1.24919e+08 591
8.14625e+07 1.25765e+08 595
8.40666e+07 1.25976e+08 596
8.71145e+07 1.26822e+08 600
8.98969e+07 1.27244e+08 602
9.28494e+07 1.27878e+08 605
9.5669e+07 1.28301e+08 607
9.8667e+07 1.28935e+08 610
1.01524e+08 1.29358e+08 612
1.04397e+08 1.29781e+08 614
1.07462e+08 1.30415e+08 617
1.10729e+08 1.3126e+08 621
1.13847e+08 1.31894e+08 624
1.1699e+08 1.32528e+08 627
1.20348e+08 1.33374e+08 631
1.23155e+08 1.33585e+08 632
1.26567e+08 1.34431e+08 636
1.29607e+08 1.34854e+08 638
1.32869e+08 1.35488e+08 641
1.36157e+08 1.36122e+08 644
1.39685e+08 1.36967e+08 648
1.42807e+08 1.3739e+08 650
1.46393e+08 1.38235e+08 654
1.50013e+08 1.39081e+08 658
1.53201e+08 1.39504e+08 660
1.56642e+08 1.40138e+08 663
1.60348e+08 1.40983e+08 667
1.67113e+08 1.4204e+08 672
1.70906e+08 1.42886e+08 676
1.74733e+08 1.43731e+08 680
1.7807e+08 1.44154e+08 682
1.82219e+08 1.45211e+08 687
1.85871e+08 1.45845e+08 690
1.92972e+08 1.46902e+08 695
1.96694e+08 1.47536e+08 698
2.00442e+08 1.4817e+08 701
2.04214e+08 1.48804e+08 704
2.08305e+08 1.49649e+08 708
2.12131e+08 1.50284e+08 711
2.16586e+08 1.5134e+08 716
2.19857e+08 1.51552e+08 717
2.24379e+08 1.52609e+08 722
2.28313e+08 1.53243e+08 725
2.32909e+08 1.543e+08 730
2.37224e+08 1.55145e+08 734
4.46399e+06 1.12065e+08 520
6.6293e+06 1.1228e+08 521
2.00579e+07 1.15082e+08 534
2.23102e+07 1.15297e+08 535
2.69395e+07 1.16159e+08 539
2.93331e+07 1.16806e+08 542
3.16932e+07 1.17237e+08 544
3.407e+07 1.17668e+08 546
3.63967e+07 1.17883e+08 547
3.88731e+07 1.1853e+08 550
4.13743e+07 1.19176e+08 553
4.38214e+07 1.19607e+08 555
4.62851e+07 1.20038e+08 557
4.88525e+07 1.20685e+08 560
5.13535e+07 1.21116e+08 562
5.38709e+07 1.21547e+08 564
5.63053e+07 1.21762e+08 565
5.89556e+07 1.22409e+08 568
6.16307e+07 1.23056e+08 571
6.41064e+07 1.23271e+08 572
6.68229e+07 1.23918e+08 575
6.95642e+07 1.24564e+08 578
7.23304e+07 1.25211e+08 581
7.51214e+07 1.25857e+08 584
7.76717e+07 1.26073e+08 585
8.05041e+07 1.26719e+08 588
8.32203e+07 1.2715e+08 590
8.5953e+07 1.27581e+08 592
8.88516e+07 1.28228e+08 595
9.14681e+07 1.28443e+08 596
9.45658e+07 1.29305e+08 600
9.7373e+07 1.29736e+08 602
1.00363e+08 1.30383e+08 605
1.03547e+08 1.31245e+08 609
1.06417e+08 1.31676e+08 611
1.09303e+08 1.32107e+08 613
1.12387e+08 1.32753e+08 616
1.1587e+08 1.33831e+08 621
1.18632e+08 1.34046e+08 622
1.21791e+08 1.34693e+08 625
1.24975e+08 1.3534e+08 628
1.28185e+08 1.35986e+08 631
1.31418e+08 1.36633e+08 634
1.34677e+08 1.37279e+08 637
1.38176e+08 1.38141e+08 641
1.4105e+08 1.38357e+08 642
1.44379e+08 1.39003e+08 645
1.47733e+08 1.3965e+08 648
1.54751e+08 1.41158e+08 655
1.58184e+08 1.41805e+08 658
1.61886e+08 1.42667e+08 662
1.68631e+08 1.43744e+08 667
1.7242e+08 1.44606e+08 671
1.7572e+08 1.45037e+08 673
1.79567e+08 1.45899e+08 677
1.86813e+08 1.47192e+08 683
1.90751e+08 1.48055e+08 687
1.93876e+08 1.4827e+08 688
1.98154e+08 1.49348e+08 693
2.01603e+08 1.49779e+08 695
2.05363e+08 1.50425e+08 698
2.08849e+08 1.50856e+08 700
2.13259e+08 1.51934e+08 705
2.16791e+08 1.52365e+08 707
2.21582e+08 1.53658e+08 713
2.25478e+08 1.54304e+08 716
2.29399e+08 1.54951e+08 719
2.33345e+08 1.55597e+08 722
4.41248e+06 1.12899e+08 514
6.56568e+06 1.13339e+08 516
1.09007e+07 1.13997e+08 519
1.30995e+07 1.14437e+08 521
1.75466e+07 1.15315e+08 525
2.206e+07 1.16194e+08 529
2.43873e+07 1.16853e+08 532
2.66396e+07 1.17073e+08 533
2.90083e+07 1.17732e+08 536
3.12854e+07 1.17951e+08 537
3.36332e+07 1.1839e+08 539
3.6064e+07 1.19049e+08 542
3.8449e+07 1.19489e+08 544
4.08506e+07 1.19928e+08 546
4.34266e+07 1.20807e+08 550
4.58696e+07 1.21246e+08 552
4.82419e+07 1.21466e+08 553
5.06225e+07 1.21685e+08 554
5.59067e+07 1.23223e+08 561
5.84366e+07 1.23662e+08 563
6.08751e+07 1.23882e+08 564
6.3434e+07 1.24321e+08 566
6.60094e+07 1.2476e+08 568
6.87218e+07 1.25419e+08 571
7.15834e+07 1.26298e+08 575
7.40923e+07 1.26517e+08 576
7.68751e+07 1.27176e+08 579
7.95457e+07 1.27616e+08 581
8.2374e+07 1.28275e+08 584
8.49367e+07 1.28494e+08 585
8.78063e+07 1.29153e+08 588
9.07008e+07 1.29812e+08 591
9.34625e+07 1.30251e+08 593
9.64025e+07 1.3091e+08 596
9.92015e+07 1.3135e+08 598
1.02017e+08 1.31789e+08 600
1.05023e+08 1.32448e+08 603
1.07876e+08 1.32887e+08 605
1.1111e+08 1.33766e+08 609
1.14191e+08 1.34425e+08 612
1.17297e+08 1.35084e+08 615
1.20232e+08 1.35523e+08 617
1.23582e+08 1.36402e+08 621
1.26559e+08 1.36841e+08 623
1.29967e+08 1.3772e+08 627
1.32774e+08 1.37939e+08 628
1.36021e+08 1.38598e+08 631
1.39292e+08 1.39257e+08 634
1.42812e+08 1.40136e+08 638
1.46137e+08 1.40795e+08 641
1.49255e+08 1.41234e+08 643
1.52861e+08 1.42112e+08 647
1.5602e+08 1.42552e+08 649
1.59685e+08 1.4343e+08 653
1.62886e+08 1.4387e+08 655
1.66608e+08 1.44748e+08 659
1.70107e+08 1.45407e+08 662
1.76914e+08 1.46505e+08 667
1.80753e+08 1.47384e+08 671
1.84078e+08 1.47823e+08 673
1.87974e+08 1.48702e+08 677
1.95009e+08 1.498e+08 682
1.98992e+08 1.50679e+08 686
2.03009e+08 1.51557e+08 690
2.06164e+08 1.51777e+08 691
2.10234e+08 1.52656e+08 695
2.14031e+08 1.53315e+08 698
2.18474e+08 1.54413e+08 703
2.22014e+08 1.54852e+08 705
2.26528e+08 1.5595e+08 710
2.3076e+08 1.56829e+08 714
4.37815e+06 1.14132e+08 510
6.50206e+06 1.14356e+08 511
8.63425e+06 1.14579e+08 512
1.07957e+07 1.15027e+08 514
2.18515e+07 1.17265e+08 524
2.63897e+07 1.1816e+08 528
3.09941e+07 1.19055e+08 532
3.33212e+07 1.19503e+08 534
3.56648e+07 1.1995e+08 536
3.80956e+07 1.20622e+08 539
4.04017e+07 1.20845e+08 540
4.28739e+07 1.21517e+08 543
4.5371e+07 1.22188e+08 546
4.77185e+07 1.22412e+08 547
5.0257e+07 1.23083e+08 550
5.27248e+07 1.23531e+08 552
5.51095e+07 1.23755e+08 553
5.76062e+07 1.24202e+08 555
6.01196e+07 1.2465e+08 557
6.28736e+07 1.25545e+08 561
6.54284e+07 1.25993e+08 563
6.78793e+07 1.26216e+08 564
7.0463e+07 1.26664e+08 566
7.33205e+07 1.27559e+08 570
7.59456e+07 1.28007e+08 572
7.85873e+07 1.28454e+08 574
8.13866e+07 1.29126e+08 577
8.42107e+07 1.29797e+08 580
8.69103e+07 1.30245e+08 582
8.96265e+07 1.30692e+08 584
9.25168e+07 1.31364e+08 587
9.52703e+07 1.31811e+08 589
9.8372e+07 1.32706e+08 593
1.00997e+08 1.3293e+08 594
1.03978e+08 1.33601e+08 597
1.06806e+08 1.34049e+08 599
1.09651e+08 1.34497e+08 601
1.12698e+08 1.35168e+08 604
1.15962e+08 1.36063e+08 608
1.18868e+08 1.36511e+08 610
1.2199e+08 1.37182e+08 613
1.24934e+08 1.3763e+08 615
1.27895e+08 1.38077e+08 617
1.31294e+08 1.38972e+08 621
1.34512e+08 1.39644e+08 624
1.37974e+08 1.40539e+08 628
1.41021e+08 1.40986e+08 630
1.44085e+08 1.41434e+08 632
1.4763e+08 1.42329e+08 636
1.50735e+08 1.42777e+08 638
1.57484e+08 1.44119e+08 644
1.61145e+08 1.45015e+08 648
1.68052e+08 1.46357e+08 654
1.71542e+08 1.47029e+08 657
1.74792e+08 1.47476e+08 659
1.78598e+08 1.48371e+08 663
1.82163e+08 1.49043e+08 666
1.89086e+08 1.50162e+08 671
1.93007e+08 1.51057e+08 675
1.96382e+08 1.51504e+08 677
2.00067e+08 1.52176e+08 680
2.03777e+08 1.52847e+08 683
2.07814e+08 1.53742e+08 687
2.11578e+08 1.54414e+08 690
2.15367e+08 1.55085e+08 693
2.18865e+08 1.55533e+08 695
2.23656e+08 1.56875e+08 701
2.27851e+08 1.57771e+08 705
4.35239e+06 1.15559e+08 507
6.45116e+06 1.15559e+08 507
8.54993e+06 1.15559e+08 507
1.93818e+07 1.17611e+08 516
2.16013e+07 1.18066e+08 518
2.38372e+07 1.18522e+08 520
2.60898e+07 1.18978e+08 522
3.06446e+07 1.1989e+08 526
3.30092e+07 1.20574e+08 529
3.52656e+07 1.20802e+08 530
3.76716e+07 1.21485e+08 533
4.00276e+07 1.21941e+08 535
4.24002e+07 1.22397e+08 537
4.48724e+07 1.23081e+08 540
4.71951e+07 1.23309e+08 541
4.97087e+07 1.23993e+08 544
5.20561e+07 1.24221e+08 545
5.45115e+07 1.24676e+08 547
5.70873e+07 1.2536e+08 550
5.95799e+07 1.25816e+08 552
6.20891e+07 1.26272e+08 554
6.46149e+07 1.26728e+08 556
6.71572e+07 1.27184e+08 558
6.98405e+07 1.27867e+08 561
7.22915e+07 1.28095e+08 562
7.5149e+07 1.29007e+08 566
7.76289e+07 1.29235e+08 567
8.03992e+07 1.29919e+08 570
8.30492e+07 1.30375e+08 572
8.57157e+07 1.3083e+08 574
8.85522e+07 1.31514e+08 577
9.14136e+07 1.32198e+08 580
9.42998e+07 1.32882e+08 583
9.7045e+07 1.33338e+08 585
9.98067e+07 1.33793e+08 587
1.02585e+08 1.34249e+08 589
1.05558e+08 1.34933e+08 592
1.08556e+08 1.35617e+08 595
1.11392e+08 1.36073e+08 597
1.14436e+08 1.36757e+08 600
1.17309e+08 1.37212e+08 602
1.20398e+08 1.37896e+08 605
1.23512e+08 1.3858e+08 608
1.29603e+08 1.3972e+08 613
1.32787e+08 1.40403e+08 616
1.35996e+08 1.41087e+08 619
1.3923e+08 1.41771e+08 622
1.42261e+08 1.42227e+08 624
1.45773e+08 1.43138e+08 628
1.49081e+08 1.43822e+08 631
1.52414e+08 1.44506e+08 634
1.55773e+08 1.4519e+08 637
1.58907e+08 1.45646e+08 639
1.6231e+08 1.46329e+08 642
1.65739e+08 1.47013e+08 645
1.79701e+08 1.49748e+08 657
1.82976e+08 1.50204e+08 659
1.8655e+08 1.50888e+08 662
1.9072e+08 1.52028e+08 667
1.94351e+08 1.52711e+08 670
1.97713e+08 1.53167e+08 672
2.0139e+08 1.53851e+08 675
2.04789e+08 1.54307e+08 677
2.09125e+08 1.55447e+08 682
2.13191e+08 1.56358e+08 686
2.16661e+08 1.56814e+08 688
2.21104e+08 1.57954e+08 693
2.24619e+08 1.5841e+08 695
4.30947e+06 1.16498e+08 502
6.38754e+06 1.16498e+08 502
8.48248e+06 1.1673e+08 503
1.05857e+07 1.16962e+08 504
2.58399e+07 1.19979e+08 517
3.03533e+07 1.20907e+08 521
3.26348e+07 1.21371e+08 523
3.49329e+07 1.21835e+08 525
3.71768e+07 1.22067e+08 526
3.95787e+07 1.22764e+08 529
4.20054e+07 1.2346e+08 532
4.43739e+07 1.23924e+08 534
4.67589e+07 1.24388e+08 536
4.91604e+07 1.24852e+08 538
5.14831e+07 1.25084e+08 539
5.40133e+07 1.2578e+08 542
5.64645e+07 1.26245e+08 544
5.89323e+07 1.26709e+08 546
6.13046e+07 1.26941e+08 547
6.39176e+07 1.27637e+08 550
6.65554e+07 1.28333e+08 553
6.90936e+07 1.28797e+08 555
7.15197e+07 1.29029e+08 556
7.43524e+07 1.29958e+08 560
7.69444e+07 1.30422e+08 562
7.95529e+07 1.30886e+08 564
8.20328e+07 1.31118e+08 565
8.48197e+07 1.31814e+08 568
8.76314e+07 1.3251e+08 571
9.03103e+07 1.32974e+08 573
9.31675e+07 1.33671e+08 576
9.58837e+07 1.34135e+08 578
9.86165e+07 1.34599e+08 580
1.04488e+08 1.35991e+08 586
1.07279e+08 1.36455e+08 588
1.10273e+08 1.37152e+08 591
1.1291e+08 1.37384e+08 592
1.1614e+08 1.38312e+08 596
1.19204e+08 1.39008e+08 599
1.2209e+08 1.39472e+08 601
1.24993e+08 1.39936e+08 603
1.31494e+08 1.41561e+08 610
1.34458e+08 1.42025e+08 612
1.3744e+08 1.42489e+08 614
1.40665e+08 1.43185e+08 617
1.43916e+08 1.43882e+08 620
1.46955e+08 1.44346e+08 622
1.53572e+08 1.45738e+08 628
1.57166e+08 1.46666e+08 632
1.63683e+08 1.47827e+08 637
1.70549e+08 1.49219e+08 643
1.73749e+08 1.49683e+08 645
1.7724e+08 1.5038e+08 648
1.81033e+08 1.51308e+08 652
1.84577e+08 1.52004e+08 655
1.8786e+08 1.52468e+08 657
1.9116e+08 1.52932e+08 659
1.95065e+08 1.5386e+08 663
1.98705e+08 1.54557e+08 666
2.06058e+08 1.55949e+08 672
2.10083e+08 1.56877e+08 676
2.13826e+08 1.57574e+08 679
2.17913e+08 1.58502e+08 683
2.22034e+08 1.5943e+08 687
6.33664e+06 1.17631e+08 498
8.41502e+06 1.17867e+08 499
1.05017e+07 1.18103e+08 500
1.46998e+07 1.18576e+08 502
1.68447e+07 1.19048e+08 504
2.11842e+07 1.19993e+08 508
2.77636e+07 1.21174e+08 513
3.00037e+07 1.21646e+08 515
3.22604e+07 1.22119e+08 517
3.46002e+07 1.22827e+08 520
3.68941e+07 1.233e+08 522
3.92046e+07 1.23772e+08 524
4.14527e+07 1.24009e+08 525
4.37922e+07 1.24481e+08 527
4.61482e+07 1.24953e+08 529
4.87036e+07 1.25898e+08 533
5.10055e+07 1.26134e+08 534
5.34153e+07 1.26607e+08 536
5.58417e+07 1.27079e+08 538
5.82847e+07 1.27552e+08 540
6.07442e+07 1.28024e+08 542
6.32203e+07 1.28496e+08 544
6.57129e+07 1.28969e+08 546
6.83466e+07 1.29677e+08 549
7.07479e+07 1.29914e+08 550
7.3423e+07 1.30622e+08 553
7.58491e+07 1.30859e+08 554
8.14521e+07 1.32512e+08 561
8.4073e+07 1.32984e+08 563
8.65571e+07 1.33221e+08 564
8.9207e+07 1.33693e+08 566
9.18736e+07 1.34165e+08 568
9.48884e+07 1.3511e+08 572
9.75963e+07 1.35583e+08 574
1.00321e+08 1.36055e+08 576
1.03418e+08 1.37e+08 580
1.06002e+08 1.37236e+08 581
1.08967e+08 1.37945e+08 584
1.11956e+08 1.38653e+08 587
1.14581e+08 1.3889e+08 588
1.17811e+08 1.39834e+08 592
1.20668e+08 1.40307e+08 594
1.23749e+08 1.41015e+08 597
1.26643e+08 1.41488e+08 599
1.32701e+08 1.42669e+08 604
1.36097e+08 1.43614e+08 608
1.39069e+08 1.44086e+08 610
1.42291e+08 1.44795e+08 613
1.45301e+08 1.45267e+08 615
1.55177e+08 1.47393e+08 624
1.58518e+08 1.48102e+08 627
1.61628e+08 1.48574e+08 629
1.65015e+08 1.49283e+08 632
1.68427e+08 1.49991e+08 635
1.71863e+08 1.507e+08 638
1.74778e+08 1.50936e+08 639
1.78256e+08 1.51645e+08 642
1.81759e+08 1.52353e+08 645
1.85573e+08 1.53298e+08 649
1.8913e+08 1.54007e+08 652
1.92711e+08 1.54715e+08 655
1.96318e+08 1.55424e+08 658
1.99647e+08 1.55896e+08 660
2.03605e+08 1.56841e+08 664
2.06976e+08 1.57314e+08 666
2.11307e+08 1.58495e+08 671
6.28575e+06 1.18731e+08 494
8.34757e+06 1.18971e+08 495
1.03967e+07 1.18971e+08 495
1.2496e+07 1.19452e+08 497
1.66776e+07 1.19933e+08 499
1.88184e+07 1.20413e+08 501
2.52901e+07 1.21615e+08 506
2.97124e+07 1.22577e+08 510
3.19484e+07 1.23057e+08 512
3.42009e+07 1.23538e+08 514
3.647e+07 1.24019e+08 516
4.10579e+07 1.2498e+08 520
4.33767e+07 1.25461e+08 522
4.57993e+07 1.26182e+08 525
4.80639e+07 1.26422e+08 526
5.05279e+07 1.27143e+08 529
5.27177e+07 1.27143e+08 529
5.5219e+07 1.27864e+08 532
5.76371e+07 1.28345e+08 534
6.00718e+07 1.28826e+08 536
6.26392e+07 1.29547e+08 539
6.49908e+07 1.29787e+08 540
6.75997e+07 1.30508e+08 543
7.01047e+07 1.30989e+08 545
7.26264e+07 1.31469e+08 547
7.51645e+07 1.3195e+08 549
7.78603e+07 1.32671e+08 552
8.04357e+07 1.33152e+08 554
8.28784e+07 1.33392e+08 555
8.56363e+07 1.34113e+08 558
8.8419e+07 1.34834e+08 561
9.12266e+07 1.35555e+08 564
9.37272e+07 1.35796e+08 565
9.65761e+07 1.36517e+08 568
9.91016e+07 1.36757e+08 569
1.01992e+08 1.37478e+08 572
1.07661e+08 1.3868e+08 577
1.10621e+08 1.39401e+08 580
1.13412e+08 1.39882e+08 582
1.16418e+08 1.40603e+08 585
1.19246e+08 1.41083e+08 587
1.22298e+08 1.41804e+08 590
1.25375e+08 1.42525e+08 593
1.28476e+08 1.43246e+08 596
1.31163e+08 1.43487e+08 597
1.34306e+08 1.44208e+08 600
1.37245e+08 1.44688e+08 602
1.40202e+08 1.45169e+08 604
1.46645e+08 1.46611e+08 610
1.50148e+08 1.47573e+08 614
1.53187e+08 1.48053e+08 616
1.56496e+08 1.48774e+08 619
1.59829e+08 1.49495e+08 622
1.63187e+08 1.50216e+08 625
1.66305e+08 1.50697e+08 627
1.69708e+08 1.51418e+08 630
1.72863e+08 1.51899e+08 632
1.7659e+08 1.5286e+08 636
1.79505e+08 1.53101e+08 637
1.86519e+08 1.54543e+08 643
1.90358e+08 1.55504e+08 647
1.93633e+08 1.55985e+08 649
1.97529e+08 1.56946e+08 653
2.00846e+08 1.57427e+08 655
8.28011e+06 1.20043e+08 491
1.03126e+07 1.20043e+08 491
1.23955e+07 1.20532e+08 493
1.44363e+07 1.20532e+08 493
1.65439e+07 1.21021e+08 495
1.86306e+07 1.21265e+08 496
2.07672e+07 1.21754e+08 498
2.72224e+07 1.22976e+08 503
2.94211e+07 1.23465e+08 505
3.16364e+07 1.23954e+08 507
3.38682e+07 1.24443e+08 509
3.6046e+07 1.24688e+08 510
3.83816e+07 1.25421e+08 513
4.06631e+07 1.2591e+08 515
4.29612e+07 1.26399e+08 517
4.52758e+07 1.26888e+08 519
4.7607e+07 1.27377e+08 521
4.99548e+07 1.27866e+08 523
5.23191e+07 1.28355e+08 525
5.45962e+07 1.286e+08 526
5.70974e+07 1.29333e+08 529
5.93993e+07 1.29578e+08 530
6.19419e+07 1.30311e+08 533
6.43891e+07 1.308e+08 535
6.68527e+07 1.31289e+08 537
6.94616e+07 1.32022e+08 540
7.19625e+07 1.32511e+08 542
7.4343e+07 1.32756e+08 543
7.7014e+07 1.33489e+08 546
7.94194e+07 1.33734e+08 547
8.21318e+07 1.34467e+08 550
8.48689e+07 1.35201e+08 553
8.71581e+07 1.35201e+08 553
9.00943e+07 1.36179e+08 557
9.27318e+07 1.36668e+08 559
9.5556e+07 1.37401e+08 562
9.82307e+07 1.3789e+08 564
1.00922e+08 1.38379e+08 566
1.0363e+08 1.38868e+08 568
1.06728e+08 1.39846e+08 572
1.09286e+08 1.4009e+08 573
1.12243e+08 1.40824e+08 576
1.14826e+08 1.41068e+08 577
1.17824e+08 1.41802e+08 580
1.20847e+08 1.42535e+08 583
1.23683e+08 1.43024e+08 585
1.26752e+08 1.43758e+08 588
1.29845e+08 1.44491e+08 591
1.32963e+08 1.45225e+08 594
1.35878e+08 1.45714e+08 596
1.39041e+08 1.46447e+08 599
1.41993e+08 1.46936e+08 601
1.44962e+08 1.47425e+08 603
1.47947e+08 1.47914e+08 605
1.51446e+08 1.48892e+08 609
1.54726e+08 1.49625e+08 612
1.57773e+08 1.50114e+08 614
1.61098e+08 1.50848e+08 617
1.64448e+08 1.51581e+08 620
1.67553e+08 1.5207e+08 622
1.70675e+08 1.52559e+08 624
1.74369e+08 1.53537e+08 628
1.77532e+08 1.54026e+08 630
1.80712e+08 1.54515e+08 632
1.84489e+08 1.55493e+08 636
1.8771e+08 1.55982e+08 638
1.91246e+08 1.56715e+08 641
1.95109e+08 1.57693e+08 645
1.98699e+08 1.58427e+08 648
